    Z       H2       O2      H2O        H        O       OH      HO2     H2O2       N2 
    0  0.28524   1.1048  0.95598  0.18187  0.68808  0.70157   1.0807   1.0883  0.96718 
    1  0.29274   1.0913  0.82831  0.17729  0.68832  0.70172   1.0674   1.0748  0.99376 
    2   0.3006   1.1048  0.81351  0.18018  0.70106  0.71468   1.0843   1.0917   1.0501 
    3  0.30912   1.1262  0.82418  0.18477  0.71772  0.73156   1.1092   1.1166   1.1068 
    4  0.31697   1.1468  0.83776  0.18929   0.7337   0.7477   1.1332   1.1407   1.1584 
    5  0.32407   1.1661  0.85171  0.19352  0.74855  0.76269   1.1555   1.1631   1.2056 
    6  0.33045   1.1836  0.86497  0.19742  0.76219  0.77646   1.1759   1.1836   1.2485 
    7  0.33625   1.1999  0.87768  0.20105   0.7749  0.78929   1.1946   1.2024   1.2881 
    8  0.34146    1.215  0.88959  0.20443  0.78663  0.80114   1.2119   1.2198   1.3243 
    9  0.34617    1.229   0.9008  0.20759  0.79748  0.81211   1.2279   1.2358   1.3577 
   10  0.35044   1.2422  0.91139  0.21057  0.80748  0.82223   1.2427   1.2507   1.3884 
   11  0.35433   1.2546  0.92144  0.21338  0.81684   0.8317   1.2566   1.2646   1.4168 
   12  0.35788   1.2664    0.931  0.21606  0.82561  0.84058   1.2695   1.2776   1.4432 
   13  0.36114   1.2776  0.94015  0.21864   0.8339  0.84899   1.2818   1.2899   1.4678 
   14  0.36413   1.2884   0.9489   0.2211  0.84173  0.85693   1.2933   1.3015   1.4908 
   15  0.36689   1.2986  0.95726  0.22346  0.84914  0.86444   1.3042   1.3125   1.5123 
   16  0.36943   1.3083  0.96527  0.22573  0.85615  0.87155   1.3145   1.3228   1.5325 
   17  0.37178   1.3176  0.97294  0.22792  0.86281  0.87831   1.3243   1.3327   1.5516 
   18  0.37396   1.3265  0.98029  0.23002  0.86914  0.88473   1.3336    1.342   1.5696 
   19  0.37599   1.3351  0.98734  0.23205  0.87517  0.89085   1.3424   1.3508   1.5867 
   20  0.37789   1.3432  0.99411    0.234  0.88092  0.89668   1.3508   1.3593   1.6029 
   21  0.37966    1.351   1.0006  0.23589   0.8864  0.90224   1.3588   1.3673   1.6184 
   22  0.38132   1.3584   1.0069  0.23771  0.89164  0.90755   1.3665    1.375   1.6332 
   23  0.38289   1.3656   1.0129  0.23946  0.89665  0.91264   1.3738   1.3823   1.6473 
   24  0.38436   1.3724   1.0186  0.24116  0.90145   0.9175   1.3808   1.3894   1.6609 
   25  0.38575    1.379   1.0242   0.2428  0.90605  0.92217   1.3874   1.3961   1.6739 
   26  0.38707   1.3853   1.0295  0.24438  0.91047  0.92664   1.3939   1.4025   1.6865 
   27  0.38832   1.3914   1.0347  0.24591   0.9147  0.93093      1.4   1.4087   1.6985 
   28   0.3895   1.3972   1.0397  0.24739  0.91878  0.93506   1.4059   1.4146   1.7102 
   29  0.39062   1.4028   1.0445  0.24882   0.9227  0.93903   1.4116   1.4203   1.7214 
   30  0.39169   1.4082   1.0491  0.25021  0.92647  0.94286    1.417   1.4258   1.7323 
   31  0.39271   1.4134   1.0536  0.25155  0.93011  0.94654   1.4223    1.431   1.7428 
   32  0.39369   1.4184   1.0579  0.25286  0.93362   0.9501   1.4273   1.4361   1.7529 
   33  0.39462   1.4233   1.0621  0.25413  0.93702  0.95353   1.4322    1.441   1.7628 
   34  0.39551    1.428   1.0662  0.25535  0.94029  0.95685    1.437   1.4458   1.7723 
   35  0.39637   1.4325   1.0701  0.25655  0.94346  0.96005   1.4415   1.4504   1.7815 
   36  0.39718   1.4368   1.0739   0.2577  0.94652  0.96315   1.4459   1.4548   1.7905 
   37  0.39796   1.4411   1.0776  0.25883  0.94948  0.96614   1.4502    1.459   1.7992 
   38  0.39871   1.4451   1.0812  0.25992  0.95234  0.96903   1.4543   1.4632   1.8076 
   39  0.39943   1.4491   1.0846  0.26098  0.95511  0.97183   1.4582   1.4671   1.8158 
   40  0.40012   1.4529    1.088  0.26202  0.95779  0.97455   1.4621    1.471   1.8238 
   41  0.40078   1.4566   1.0912  0.26302  0.96039  0.97717   1.4658   1.4747   1.8316 
   42  0.40142   1.4602   1.0944    0.264   0.9629  0.97972   1.4694   1.4783   1.8391 
   43  0.40203   1.4636   1.0975  0.26495  0.96534  0.98218   1.4729   1.4818   1.8464 
   44  0.40262    1.467   1.1005  0.26588  0.96771  0.98458   1.4763   1.4852   1.8535 
   45  0.40319   1.4702   1.1034  0.26678  0.97001   0.9869   1.4795   1.4885   1.8605 
   46  0.40373   1.4734   1.1062  0.26765  0.97223  0.98915   1.4827   1.4917   1.8672 
   47  0.40426   1.4765   1.1089  0.26851   0.9744  0.99133   1.4858   1.4948   1.8738 
   48  0.40476   1.4794   1.1116  0.26934   0.9765  0.99345   1.4888   1.4978   1.8801 
   49  0.40525   1.4823   1.1142  0.27015  0.97852   0.9955   1.4916   1.5007   1.8864 
   50  0.40572   1.4851   1.1167  0.27094  0.98049  0.99748   1.4945   1.5035   1.8924 
   51  0.40617   1.4878   1.1191  0.27171   0.9824  0.99941   1.4972   1.5062   1.8983 
   52  0.40661   1.4905   1.1215  0.27246  0.98425   1.0013   1.4998   1.5089   1.9041 
   53  0.40703    1.493   1.1239  0.27319  0.98606   1.0031   1.5024   1.5115   1.9097 
   54  0.40743   1.4955   1.1261   0.2739  0.98781   1.0049   1.5049    1.514   1.9152 
   55  0.40782   1.4979   1.1283   0.2746  0.98951   1.0066   1.5073   1.5164   1.9205 
   56   0.4082   1.5003   1.1304  0.27527  0.99117   1.0083   1.5097   1.5188   1.9257 
   57  0.40857   1.5026   1.1325  0.27593  0.99278   1.0099    1.512   1.5211   1.9307 
   58  0.40892   1.5048   1.1345  0.27658  0.99435   1.0115   1.5142   1.5233   1.9356 
   59  0.40926   1.5069   1.1365  0.27721  0.99587    1.013   1.5164   1.5255   1.9404 
   60  0.40959    1.509   1.1384  0.27782  0.99735   1.0145   1.5185   1.5276   1.9451 
   61  0.40991   1.5111   1.1403  0.27841  0.99879    1.016   1.5205   1.5297   1.9497 
   62  0.41022   1.5131   1.1421    0.279   1.0002   1.0174   1.5225   1.5317   1.9541 
   63  0.41051    1.515   1.1439  0.27956   1.0016   1.0188   1.5245   1.5336   1.9585 
   64   0.4108   1.5169   1.1456  0.28011   1.0029   1.0201   1.5263   1.5355   1.9627 
   65  0.41108   1.5187   1.1473  0.28065   1.0042   1.0214   1.5282   1.5373   1.9668 
   66  0.41135   1.5204   1.1489  0.28118   1.0054   1.0227   1.5299   1.5391   1.9708 
   67  0.41161   1.5222   1.1505  0.28169   1.0066   1.0239   1.5317   1.5408   1.9747 
   68  0.41186   1.5238   1.1521  0.28219   1.0078   1.0251   1.5333   1.5425   1.9785 
   69   0.4121   1.5255   1.1536  0.28267    1.009   1.0262    1.535   1.5441   1.9822 
   70  0.41233    1.527    1.155  0.28314   1.0101   1.0274   1.5366   1.5457   1.9858 
   71  0.41255   1.5286   1.1564   0.2836   1.0112   1.0285   1.5381   1.5473   1.9893 
   72  0.41277   1.5301   1.1578  0.28405   1.0122   1.0295   1.5396   1.5488   1.9927 
   73  0.41298   1.5315   1.1592  0.28448   1.0133   1.0306    1.541   1.5502    1.996 
   74  0.41318   1.5329   1.1605  0.28491   1.0143   1.0316   1.5424   1.5516   1.9992 
   75  0.41338   1.5343   1.1617  0.28532   1.0152   1.0325   1.5438    1.553   2.0024 
   76  0.41356   1.5356    1.163  0.28572   1.0162   1.0335   1.5451   1.5543   2.0054 
   77  0.41375   1.5369   1.1641  0.28611   1.0171   1.0344   1.5464   1.5556   2.0084 
   78  0.41392   1.5381   1.1653  0.28649    1.018   1.0353   1.5477   1.5569   2.0113 
   79  0.41409   1.5393   1.1664  0.28686   1.0188   1.0362   1.5489   1.5581   2.0141 
   80  0.41426   1.5405   1.1675  0.28722   1.0197    1.037   1.5501   1.5593   2.0168 
   81  0.41441   1.5416   1.1686  0.28756   1.0205   1.0378   1.5512   1.5604   2.0194 
   82  0.41457   1.5427   1.1696   0.2879   1.0213   1.0386   1.5523   1.5615    2.022 
   83  0.41471   1.5438   1.1706  0.28823    1.022   1.0394   1.5534   1.5626   2.0244 
   84  0.41486   1.5448   1.1716  0.28854   1.0227   1.0401   1.5544   1.5636   2.0268 
   85  0.41499   1.5458   1.1725  0.28885   1.0235   1.0408   1.5554   1.5646   2.0292 
   86  0.41512   1.5468   1.1734  0.28915   1.0241   1.0415   1.5564   1.5656   2.0314 
   87  0.41525   1.5477   1.1743  0.28943   1.0248   1.0422   1.5573   1.5665   2.0336 
   88  0.41537   1.5486   1.1751  0.28971   1.0254   1.0428   1.5582   1.5674   2.0357 
   89  0.41549   1.5495   1.1759  0.28998   1.0261   1.0435   1.5591   1.5683   2.0377 
   90   0.4156   1.5503   1.1767  0.29024   1.0267   1.0441   1.5599   1.5691   2.0397 
   91  0.41571   1.5511   1.1775  0.29049   1.0272   1.0446   1.5607   1.5699   2.0416 
   92  0.41581   1.5519   1.1782  0.29073   1.0278   1.0452   1.5615   1.5707   2.0434 
   93  0.41591   1.5526   1.1789  0.29096   1.0283   1.0457   1.5622   1.5715   2.0452 
   94  0.41601   1.5533   1.1796  0.29118   1.0288   1.0462   1.5629   1.5722   2.0469 
   95   0.4161    1.554   1.1802  0.29139   1.0293   1.0467   1.5636   1.5729   2.0485 
   96  0.41619   1.5547   1.1808   0.2916   1.0298   1.0472   1.5643   1.5735     2.05 
   97  0.41627   1.5553   1.1814   0.2918   1.0302   1.0477   1.5649   1.5741   2.0515 
   98  0.41635   1.5559    1.182  0.29198   1.0307   1.0481   1.5655   1.5747   2.0529 
   99  0.41642   1.5564   1.1825  0.29216   1.0311   1.0485   1.5661   1.5753   2.0543 
  100  0.41649    1.557    1.183  0.29233   1.0315   1.0489   1.5666   1.5759   2.0556 
  101  0.41656   1.5575   1.1835  0.29249   1.0318   1.0493   1.5671   1.5764   2.0568 
  102  0.41662    1.558    1.184  0.29265   1.0322   1.0496   1.5676   1.5769   2.0579 
  103  0.41668   1.5584   1.1844  0.29279   1.0325   1.0499   1.5681   1.5773    2.059 
  104  0.41674   1.5589   1.1848  0.29293   1.0328   1.0503   1.5685   1.5778   2.0601 
  105  0.41679   1.5593   1.1852  0.29306   1.0331   1.0505   1.5689   1.5782    2.061 
  106  0.41684   1.5597   1.1856  0.29318   1.0334   1.0508   1.5693   1.5786    2.062 
  107  0.41688     1.56   1.1859  0.29329   1.0336   1.0511   1.5697   1.5789   2.0628 
  108  0.41693   1.5604   1.1862  0.29339   1.0339   1.0513     1.57   1.5792   2.0636 
  109  0.41697   1.5607   1.1865  0.29349   1.0341   1.0515   1.5703   1.5795   2.0643 
  110    0.417   1.5609   1.1868  0.29357   1.0343   1.0517   1.5706   1.5798    2.065 
  111  0.41703   1.5612    1.187  0.29365   1.0345   1.0519   1.5708   1.5801   2.0656 
  112  0.41706   1.5614   1.1872  0.29373   1.0346   1.0521    1.571   1.5803   2.0661 
  113  0.41709   1.5616   1.1874  0.29379   1.0348   1.0522   1.5712   1.5805   2.0666 
  114  0.41711   1.5618   1.1876  0.29384   1.0349   1.0524   1.5714   1.5807    2.067 
  115  0.41713   1.5619   1.1877  0.29389    1.035   1.0525   1.5716   1.5808   2.0674 
  116  0.41715   1.5621   1.1879  0.29393   1.0351   1.0525   1.5717    1.581   2.0677 
  117  0.41716   1.5622   1.1879  0.29396   1.0352   1.0526   1.5718   1.5811   2.0679 
  118  0.41717   1.5622    1.188  0.29399   1.0352   1.0527   1.5719   1.5811   2.0681 
  119  0.41717   1.5623   1.1881    0.294   1.0352   1.0527   1.5719   1.5812   2.0682 
  120  0.41718   1.5623   1.1881  0.29401   1.0353   1.0527   1.5719   1.5812   2.0683 
  121   0.4172   1.5625   1.1883  0.29408   1.0354   1.0529   1.5722   1.5814   2.0688 
  122  0.41731   1.5634   1.1891  0.29435    1.036   1.0535    1.573   1.5823   2.0708 
  123  0.41752    1.565   1.1907  0.29488   1.0372   1.0547   1.5747    1.584   2.0749 
  124  0.41784   1.5675   1.1931  0.29568    1.039   1.0565   1.5772   1.5865   2.0809 
  125  0.41824   1.5708   1.1962  0.29672   1.0414   1.0589   1.5804   1.5897   2.0888 
  126  0.41872   1.5747      1.2  0.29801   1.0442   1.0618   1.5844   1.5937   2.0985 
  127  0.41927   1.5794   1.2045  0.29952   1.0476   1.0651   1.5891   1.5984   2.1099 
  128  0.41989   1.5846   1.2096  0.30125   1.0514    1.069   1.5943   1.6037   2.1229 
  129  0.42055   1.5905   1.2153  0.30318   1.0557   1.0733   1.6002   1.6095   2.1375 
  130  0.42125   1.5968   1.2215  0.30529   1.0603   1.0779   1.6065   1.6158   2.1534 
  131  0.42196   1.6035   1.2282  0.30757   1.0652   1.0828   1.6132   1.6226   2.1705 
  132  0.42267   1.6105   1.2352  0.31001   1.0704    1.088   1.6203   1.6297   2.1888 
  133  0.42337   1.6179   1.2426  0.31257   1.0758   1.0935   1.6277    1.637   2.2079 
  134  0.42405   1.6254   1.2503  0.31525   1.0813   1.0991   1.6352   1.6446    2.228 
  135  0.42469   1.6332   1.2581  0.31803    1.087   1.1048   1.6429   1.6523   2.2486 
  136  0.42529    1.641   1.2661   0.3209   1.0929   1.1106   1.6508   1.6602   2.2699 
  137  0.42583   1.6489   1.2743  0.32385   1.0988   1.1166   1.6587   1.6681   2.2916 
  138  0.42629   1.6568   1.2827  0.32687   1.1047   1.1225   1.6666    1.676   2.3138 
  139  0.42669   1.6647   1.2911  0.32996   1.1107   1.1285   1.6745   1.6839   2.3363 
  140  0.42702   1.6726   1.2996   0.3331   1.1167   1.1345   1.6825   1.6919   2.3592 
  141  0.42729   1.6805   1.3083  0.33629   1.1227   1.1406   1.6904   1.6998   2.3824 
  142  0.42753   1.6885    1.317  0.33953   1.1288   1.1466   1.6983   1.7077   2.4059 
  143  0.42768   1.6963   1.3257   0.3428   1.1347   1.1526   1.7061   1.7156   2.4294 
  144  0.42775    1.704   1.3343  0.34609   1.1407   1.1585   1.7138   1.7232   2.4528 
  145  0.42773   1.7115   1.3428   0.3494   1.1465   1.1643   1.7213   1.7307   2.4762 
  146  0.42763   1.7188   1.3514  0.35275   1.1522   1.1701   1.7286    1.738   2.4996 
  147  0.42746   1.7261     1.36  0.35612   1.1579   1.1757   1.7359   1.7453    2.523 
  148  0.42718   1.7333   1.3686  0.35953   1.1636   1.1814    1.743   1.7524   2.5462 
  149   0.4268   1.7403   1.3772  0.36295   1.1692    1.187   1.7501   1.7594   2.5693 
  150  0.42633   1.7471   1.3857  0.36639   1.1747   1.1924   1.7569   1.7662   2.5922 
  151  0.42582   1.7539   1.3943  0.36983   1.1802   1.1979   1.7636   1.7729   2.6151 
  152  0.42525   1.7606   1.4026  0.37329   1.1856   1.2033   1.7703   1.7796   2.6375 
  153   0.4246   1.7672   1.4109  0.37677   1.1909   1.2086   1.7769   1.7861   2.6598 
  154  0.42387   1.7737   1.4192  0.38028   1.1962   1.2138   1.7833   1.7926   2.6819 
  155  0.42305   1.7801   1.4276  0.38382   1.2014    1.219   1.7897    1.799    2.704 
  156  0.42214   1.7863    1.436  0.38737   1.2064    1.224   1.7959   1.8051   2.7256 
  157  0.42113   1.7923   1.4444  0.39093   1.2114   1.2289   1.8018    1.811    2.747 
  158  0.42001   1.7978   1.4528  0.39452   1.2162   1.2336   1.8073   1.8165   2.7679 
  159   0.4188   1.8032    1.461   0.3981   1.2209   1.2383   1.8127   1.8218   2.7882 
  160  0.41749   1.8087   1.4689  0.40171   1.2257    1.243   1.8181   1.8272   2.8077 
  161  0.41614   1.8142    1.477  0.40538   1.2305   1.2477   1.8236   1.8326   2.8273 
  162  0.41469   1.8196   1.4853  0.40909   1.2352   1.2524   1.8289   1.8379   2.8464 
  163  0.41311   1.8248   1.4937  0.41282   1.2398   1.2569   1.8341    1.843    2.865 
  164  0.41142   1.8298   1.5021  0.41657   1.2441   1.2611   1.8391    1.848    2.883 
  165  0.40963   1.8346   1.5105  0.42035   1.2484   1.2654   1.8439   1.8527   2.9006 
  166  0.40777   1.8394   1.5191   0.4242   1.2528   1.2697   1.8485   1.8573   2.9178 
  167  0.40576   1.8439   1.5278  0.42809   1.2571   1.2739    1.853   1.8618    2.934 
  168  0.40366   1.8484   1.5363  0.43203   1.2614   1.2781   1.8575   1.8661   2.9494 
  169  0.40144   1.8527   1.5448  0.43602   1.2656   1.2822   1.8617   1.8703   2.9639 
  170  0.39907   1.8566   1.5533  0.44003   1.2696   1.2861   1.8655   1.8741   2.9774 
  171  0.39652   1.8603   1.5616  0.44403   1.2734   1.2897   1.8691   1.8776     2.99 
  172  0.39381   1.8636   1.5699  0.44805    1.277   1.2932   1.8724   1.8808   3.0012 
  173  0.39097   1.8668    1.578  0.45211   1.2805   1.2966   1.8755   1.8838   3.0109 
  174  0.38803   1.8698   1.5862  0.45625   1.2839   1.2999   1.8784   1.8866   3.0198 
  175  0.38498   1.8727   1.5948  0.46048   1.2873   1.3031   1.8813   1.8894   3.0278 
  176   0.3818   1.8754   1.6034  0.46477   1.2905   1.3062   1.8838   1.8919   3.0346 
  177  0.37838   1.8776   1.6117  0.46907   1.2936   1.3091    1.886   1.8939   3.0399 
  178   0.3748   1.8796   1.6197  0.47331   1.2966   1.3119   1.8878   1.8957   3.0433 
  179  0.37113   1.8815   1.6277  0.47764   1.2995   1.3146   1.8896   1.8974   3.0453 
  180  0.36737   1.8835   1.6362   0.4821   1.3025   1.3175   1.8915   1.8992   3.0464 
  181  0.36347   1.8852   1.6448   0.4866   1.3052     1.32   1.8931   1.9007    3.046 
  182  0.35942   1.8866   1.6535  0.49115   1.3077   1.3223   1.8944   1.9019    3.044 
  183  0.35524   1.8874   1.6621  0.49577   1.3101   1.3245    1.895   1.9024   3.0404 
  184  0.35092   1.8879   1.6709  0.50044   1.3125   1.3267   1.8955   1.9027   3.0352 
  185  0.34647   1.8886   1.6785  0.50509    1.315   1.3289    1.896   1.9031   3.0278 
  186  0.34194   1.8892   1.6866  0.50984   1.3174   1.3312   1.8964   1.9034   3.0192 
  187  0.33729   1.8897   1.6947  0.51465   1.3197   1.3332   1.8968   1.9036    3.009 
  188  0.33255   1.8901   1.7029  0.51954   1.3218   1.3351   1.8971   1.9038   2.9974 
  189  0.32775   1.8906   1.7113   0.5245   1.3238   1.3369   1.8975    1.904   2.9846 
  190  0.32286   1.8907   1.7191  0.52946   1.3259   1.3387   1.8974   1.9038   2.9705 
  191  0.31791   1.8905    1.727  0.53449    1.328   1.3406   1.8971   1.9034    2.955 
  192  0.31292   1.8905   1.7349  0.53961   1.3302   1.3425    1.897   1.9031    2.938 
  193  0.30789   1.8906   1.7426  0.54476   1.3324   1.3445   1.8969   1.9029   2.9196 
  194  0.30285   1.8907   1.7502  0.54995   1.3347   1.3466   1.8968   1.9027      2.9 
  195  0.29782    1.891   1.7577  0.55522   1.3371   1.3488    1.897   1.9027   2.8796 
  196  0.29276    1.891   1.7648  0.56041   1.3395   1.3509   1.8969   1.9025   2.8582 
  197   0.2877   1.8912   1.7713  0.56564   1.3418    1.353   1.8969   1.9024    2.836 
  198  0.28265   1.8916   1.7777  0.57095   1.3443   1.3552   1.8971   1.9024   2.8125 
  199  0.27765    1.892   1.7839  0.57632   1.3469   1.3575   1.8974   1.9026   2.7882 
  200   0.2727   1.8926   1.7901  0.58173   1.3496   1.3601   1.8979   1.9029   2.7635 
  201  0.26784   1.8934   1.7962  0.58721   1.3526   1.3628   1.8985   1.9034   2.7384 
  202  0.26305   1.8944   1.8022  0.59275   1.3557   1.3657   1.8994   1.9041   2.7131 
  203  0.25834   1.8956   1.8079  0.59834   1.3589   1.3686   1.9004    1.905   2.6874 
  204  0.25371   1.8967   1.8133  0.60396   1.3622   1.3716   1.9013   1.9058   2.6615 
  205  0.24917    1.898   1.8183   0.6096   1.3656   1.3748   1.9025   1.9068   2.6353 
  206   0.2447   1.8994   1.8226  0.61507   1.3691   1.3781   1.9038    1.908    2.609 
  207  0.24026   1.9011    1.826  0.62052   1.3727   1.3815   1.9053   1.9094   2.5822 
  208  0.23593   1.9029   1.8292  0.62596   1.3764    1.385    1.907   1.9109   2.5553 
  209  0.23172   1.9049    1.832  0.63139   1.3802   1.3886   1.9089   1.9127   2.5286 
  210  0.22764    1.907   1.8345  0.63679   1.3841   1.3922   1.9109   1.9145   2.5022 
  211  0.22368   1.9093   1.8368  0.64216    1.388   1.3959    1.913   1.9166   2.4761 
  212  0.21986   1.9118   1.8387  0.64749    1.392   1.3997   1.9154   1.9188   2.4504 
  213  0.21617   1.9145   1.8403   0.6528   1.3961   1.4037    1.918   1.9213   2.4252 
  214  0.21262   1.9173   1.8415  0.65803   1.4002   1.4076   1.9206   1.9238   2.4005 
  215  0.20919   1.9201   1.8424  0.66317   1.4043   1.4115   1.9234   1.9265   2.3762 
  216   0.2059   1.9231   1.8429  0.66822   1.4083   1.4153   1.9262   1.9292   2.3525 
  217  0.20275   1.9261   1.8431  0.67316   1.4122   1.4191   1.9291    1.932   2.3294 
  218  0.19973   1.9291   1.8429  0.67797   1.4161   1.4228    1.932   1.9348    2.307 
  219  0.19686   1.9322   1.8424  0.68266     1.42   1.4265    1.935   1.9377   2.2853 
  220  0.19412   1.9352   1.8417  0.68721   1.4238   1.4302   1.9379   1.9405   2.2643 
  221  0.19153    1.938   1.8407  0.69161   1.4276   1.4339   1.9406   1.9431   2.2442 
  222  0.18907   1.9407   1.8395  0.69585   1.4313   1.4374   1.9433   1.9457   2.2249 
  223  0.18676   1.9435   1.8381  0.69992   1.4349   1.4409    1.946   1.9483   2.2064 
  224   0.1846   1.9462   1.8365  0.70382   1.4384   1.4443   1.9486   1.9509   2.1889 
  225  0.18258   1.9489   1.8348  0.70753   1.4418   1.4475   1.9512   1.9534   2.1723 
  226  0.18071   1.9515    1.833  0.71106    1.445   1.4507   1.9537   1.9559   2.1567 
  227  0.17898    1.954   1.8311  0.71439   1.4481   1.4537   1.9562   1.9583   2.1421 
  228  0.17741   1.9564   1.8291  0.71751    1.451   1.4565   1.9585   1.9606   2.1285 
  229  0.17598   1.9587   1.8272  0.72043   1.4538   1.4592   1.9608   1.9627   2.1159 
  230  0.17471   1.9608   1.8253  0.72313   1.4564   1.4617   1.9629   1.9648   2.1043 
  231   0.1736   1.9628   1.8234  0.72562   1.4588    1.464   1.9648   1.9667   2.0938 
  232  0.17264   1.9647   1.8216  0.72789    1.461   1.4662   1.9667   1.9685   2.0842 
  233  0.17185   1.9665   1.8199  0.72993    1.463   1.4681   1.9684   1.9702   2.0757 
  234  0.17125    1.968   1.8184  0.73175   1.4648   1.4698   1.9699   1.9717   2.0683 
  235  0.17084   1.9694    1.817  0.73332   1.4664   1.4714   1.9713    1.973    2.062 
  236  0.17067   1.9706   1.8157  0.73466   1.4677   1.4727   1.9724   1.9741   2.0568 
  237   0.1708   1.9715   1.8147  0.73575   1.4688   1.4738   1.9734   1.9751   2.0527 
  238  0.17139   1.9723   1.8139   0.7366   1.4697   1.4746   1.9741   1.9758   2.0496 
  239  0.17323   1.9729   1.8133  0.73719   1.4703   1.4752   1.9747   1.9763   2.0476 
  240  0.16057   1.9732    1.813  0.73752   1.4706   1.4755    1.975   1.9767   2.0467 
  241   1.0924   1.9732    1.813   0.7375   1.4706   1.4755    1.975   1.9766   2.0468 
